32 300
813421140087.8085
8.211388717083935 39.671135993021565
-1.1743256025439095 1.0934073610688992
758598279821.8167
-55.36445745721362 7.664366691015886
1.06536634754592 -0.3899163536954884
518748718617.02844
-40.47797515971928 23.299799288495038
0.15116763593075522 1.8540273200530226
367856433138.5791
-54.69769600227332 2.1714583509235297
-1.9933389003293867 1.4889455484967091
689475671908.9355
-8.017864595992933 -26.797246235360348
-0.3103039200518172 -0.11200852244446136
782545145371.7194
64.58219394342262 -10.625373347894282
-0.331977996624107 -1.6392422089811962
65232367392.56764
-5.387960044095493 14.916660296991452
0.5802340856904458 -0.5767531353519315
153806201682.24173
-5.723464703503623 -29.06380372853551
0.5598399127050797 -1.716430738993595
30480086365.008945
22.982652037729835 -56.965211528969064
1.261058047439875 1.0921361612637752
857070359071.462
59.853713198456035 9.068936255548877
-1.3780729339417328 -1.2979402844283991
225178756972.2614
69.0586577862239 -31.91325847334801
-0.2423641741172715 0.3585640896621416
213047156672.04025
53.521470835266456 -40.092063205660786
0.9104824952016601 -0.9515935406813645
457162621186.5154
34.808612774684576 -30.858244318791982
1.8097624212074197 1.8509290042266566
350252533311.9827
-26.055718976512985 -22.118377803764552
-0.5773466731623205 -0.19334502655981023
444551395882.47546
2.6618156990091393 38.90515177205802
-1.6090881503748427 -0.5960599975011673
456688090513.7865
10.1666244930786 72.38300291981142
-1.911553823314819 0.6167615607016024
506541634495.0898
28.2437763040747 30.717243522677265
-1.3427917560759162 -0.10934388815020801
508186236698.74384
47.970210206065815 -66.85654312234422
1.9395885747489547 -0.5464003894679546
714933319837.2408
-17.43762944923681 -10.463108641599504
-1.6238795781433777 -0.03550234834663568
850196056052.9976
-39.955314333016695 61.44397303227947
-0.9385368308514122 -0.7523921882867008
700727284747.8171
-36.959099916444586 30.536674964216573
1.566828408974525 0.23614814138743823
416924370415.7775
66.64024298262612 33.25051263191283
0.9652603881637125 -0.11893580766301382
94934084872.84154
47.47528357485392 45.19577176159876
-1.6581118544280158 0.061890373279297695
289695439918.1927
28.368682731668173 -61.28454485821815
0.2625510070783985 1.7615258399469504
256150897898.41895
-50.90692367194096 30.3796735395441
-0.6585907276794369 0.12185332084573419
164756065896.98816
25.62332869171844 61.09879669816959
-0.2296281532348452 -0.5249079916988615
350990365378.7601
44.52289546417069 -22.409502875927743
-0.9166398771513413 -1.6856065378333231
643249558486.2224
57.913314637189444 -73.56496911792416
0.9727989637212606 -1.7556854547291882
164582864900.20206
44.150652435877504 -0.09170764965261924
1.2441757750732294 -1.2414361123703324
901870387053.2883
56.81734010084111 62.82011367584593
0.9074743929806068 0.4583509946164659
926042931725.049
-23.568706519403122 42.56692837175328
1.8438160839993682 1.0665652451510281
420724229275.0448
27.836922767363205 31.673018474223767
1.1055575620878475 -0.9261574125251797
